1465.776
1465.776
1512
1512
1512
1512
1512
1512
1512
1512
1512
1560.6116666666667
1560.6116666666667
1560.6116666666667
1560.6116666666667
1560.6116666666667
1560.6116666666667
1560.6116666666667
1560.6116666666667
1560.6116666666667
1560.6116666666667
1560.6116666666667
1560.6116666666667
1562.352
1562.352
1562.352
1564
1564.8400000000001
1564.8400000000001
1564.8400000000001
1564.8400000000001
1564.8400000000001
1564.8400000000001
1564.8400000000001
1596.975
1596.975
1596.975
1596.975
1596.975
1596.975
1596.975
1596.975
1596.975
1596.975
1614.256
1614.256
1614.256
1614.256
1614.256
1614.256
1614.256
1614.256
1614.256
1614.256
1614.256
1614.256
1614.256
1614.256
1614.256
1614.256
1614.256
1614.256
1614.256
1614.256
1614.256
1614.256
1614.256
1614.256
1614.256
1614.256
1614.256
1614.256
1614.256
1614.256
1614.256
1614.256
1614.256
1614.256
1614.256
1614.256
1614.256
1614.256
1614.256
1614.256
1614.256
1614.256
1614.256
1614.256
1614.256
1614.256
1614.256
1614.256
1614.256
1614.256
1614.256
1614.256
1614.256
1614.256
1633.365
1633.365
1633.365
1633.365
1633.365
1633.365
1633.365
1633.365
1633.365
1633.365
1633.365
1633.365
1633.365
1633.365
1633.365
1633.365
1633.365
1633.365
1633.365
1633.365
1633.365
1633.365
1633.365
1633.365
1633.365
1633.365
1633.365
1633.365
1633.365
1633.365
1633.365
1633.365
1633.365
1633.365
1633.365
1633.365
1633.365
1633.365
1633.365
1633.365
1633.365
1633.365
1633.365
1633.365
1633.365
1633.365
1633.365
1633.365
1633.365
1633.365
1633.365
1633.365
1633.365
1633.365
1633.365
1633.365
1648.1466666666668
1648.1466666666668
1648.1466666666668
1648.1466666666668
1648.1466666666668
1648.1466666666668
1648.1466666666668
1648.1466666666668
1648.1466666666668
1648.1466666666668
1648.1466666666668
1648.1466666666668
1648.1466666666668
1648.1466666666668
1648.1466666666668
1648.1466666666668
1648.1466666666668
1648.1466666666668
1648.1466666666668
1648.1466666666668
1648.1466666666668
1648.1466666666668
1648.1466666666668
1648.1466666666668
1648.1466666666668
1648.1466666666668
1648.1466666666668
1648.1466666666668
1648.1466666666668
1648.1466666666668
1648.1466666666668
1648.1466666666668
1648.1466666666668
