1556.16
1556.16
1556.16
1556.16
1556.16
1556.16
1556.16
1613
1657.18
1657.18
1657.18
1657.18
1657.18
1657.18
1657.18
1657.18
1657.18
1657.18
1657.18
1657.18
1657.18
1657.18
1657.18
1657.18
1657.18
1657.18
1657.18
1657.18
1657.18
1657.18
1657.18
1657.18
1657.18
1657.18
1657.18
1657.18
1657.18
1657.18
1657.18
1657.18
1657.18
1657.18
1657.18
1657.18
1657.18
1657.18
1657.18
1657.18
1657.18
1657.18
1657.18
1657.18
1657.18
1657.18
1657.18
1657.18
1657.18
1657.18
1657.18
1657.18
1657.18
1657.18
1657.18
1657.18
1657.18
1657.18
1657.18
1657.18
1657.18
1657.18
1657.18
1657.18
1657.18
1657.18
1657.18
1657.18
1657.18
1657.18
1657.18
1657.18
1657.18
1657.18
1657.18
1657.18
1657.18
1657.18
1657.18
1657.18
1657.18
1657.18
1657.18
1657.18
1657.18
1657.18
1657.18
1657.18
1657.18
1657.18
1657.18
1657.18
1657.18
1657.18
1657.18
1657.18
1657.18
1657.18
1657.18
1657.18
1657.18
1657.18
1657.18
1657.18
1657.18
1657.18
1657.18
1657.18
1657.18
1657.18
1657.18
1657.18
1657.18
1657.18
1657.18
1657.18
1657.18
1657.18
1657.18
1657.18
1657.18
1657.18
1657.18
1657.18
1657.18
1657.18
1657.18
1657.18
1657.18
1657.18
1657.18
1657.18
1657.18
1657.18
1657.18
1657.18
1657.18
1657.18
1657.18
1657.18
1657.18
1657.18
1657.18
1657.18
1657.18
1657.18
1657.18
1657.18
1657.18
1657.18
1657.18
1657.18
1657.18
1657.18
1657.18
1657.18
1657.18
1657.18
1657.18
1657.18
1657.18
1657.18
1657.18
1657.18
1657.18
1657.18
1657.18
1657.18
1657.18
1705
1705
1705
1705
1705
1705
1705
1705
1705
1705
1705
1705
1705
1705
1705
1705
1705
1705
1705
1705
1705
1705
1705
1705
1705
1705
1705
1705
1705
1705
1705
